0	0.10
1448	0.14
2896	0.15
4344	0.16
5792	0.17
7240	0.18
8688	0.19
10136	0.21
11584	0.22
13032	0.23
5792	51.46
14480	51.48
15928	51.49
17376	51.49
18824	51.50
20272	51.52
21720	51.52
23168	51.53
24616	51.54
26064	51.55
27512	102.38
28960	102.40
30408	102.41
31856	102.42
33304	102.42
34752	102.44
36200	102.45
37648	102.45
39096	102.46
40544	102.47
33304	154.33
41992	154.35
43440	154.36
44888	154.37
46336	154.38
47784	154.39
49232	154.40
50680	154.41
52128	154.42
53576	154.42
49232	205.36
55024	205.39
56472	205.40
57920	205.40
59368	205.41
60816	205.43
62264	205.44
63712	205.44
65160	205.45
66608	205.46
56472	256.37
65160	256.39
68056	256.40
69504	256.41
70952	256.42
72400	256.43
73848	256.44
75296	256.45
76744	256.46
78192	256.47
79640	307.29
81088	307.32
82536	307.33
83984	307.34
85432	307.35
86880	307.36
88328	307.37
89776	307.38
91224	307.39
92672	307.40
79640	358.26
82536	358.28
86880	358.29
94120	358.30
95568	358.31
97016	358.32
98464	358.33
99912	358.35
101360	358.35
102808	358.36
104256	409.39
105704	409.42
107152	409.43
108600	409.44
110048	409.45
111496	409.46
112944	409.48
114392	409.50
115840	409.51
117288	409.52
105704	460.37
118736	460.40
120184	460.41
121632	460.42
123080	460.43
124528	460.45
125976	460.47
127424	460.48
128872	460.50
130320	460.51
131768	511.49
133216	511.51
134664	511.52
136112	511.53
137560	511.54
139008	511.55
140456	511.56
141904	511.56
143352	511.57
144800	511.58
146248	612.83
147696	612.85
149144	612.86
150592	612.87
152040	612.88
153488	612.90
154936	612.91
156384	612.91
157832	612.92
159280	612.93
150592	663.80
160728	663.82
162176	663.83
163624	663.84
165072	663.85
166520	663.85
167968	663.87
169416	663.87
170864	663.88
172312	663.89
150592	714.82
173760	714.84
175208	714.85
176656	714.86
178104	714.87
179552	714.87
181000	714.89
182448	714.90
183896	714.90
185344	714.91
186792	765.82
188240	765.84
189688	765.85
191136	765.86
192584	765.87
194032	765.88
195480	765.89
196928	765.90
198376	765.91
199824	765.92
196928	816.89
201272	816.91
202720	816.92
204168	816.93
205616	816.94
207064	816.95
208512	816.96
209960	816.97
211408	816.98
212856	816.99
196928	867.78
207064	867.80
214304	867.81
215752	867.81
217200	867.82
218648	867.83
220096	867.84
221544	867.85
222992	867.86
224440	867.87
225888	918.82
227336	918.84
228784	918.85
230232	918.86
231680	918.87
233128	918.88
234576	918.89
236024	918.90
237472	918.91
238920	918.92
240368	969.89
241816	969.92
243264	969.93
244712	969.95
246160	969.96
247608	969.97
249056	969.99
250504	970.00
251952	970.02
253400	970.03
243264	1021.22
247608	1021.26
254848	1021.27
256296	1021.28
257744	1021.30
259192	1021.31
260640	1021.34
262088	1021.35
263536	1021.37
264984	1021.38
266432	1072.34
267880	1072.36
269328	1072.36
270776	1072.37
272224	1072.37
273672	1072.38
275120	1072.39
276568	1072.40
278016	1072.40
279464	1072.41
270776	1123.10
273672	1123.14
276568	1123.15
280912	1123.16
282360	1123.18
283808	1123.19
285256	1123.21
286704	1123.22
288152	1123.24
289600	1123.25
288152	1174.21
291048	1174.24
292496	1174.26
293944	1174.27
295392	1174.28
296840	1174.29
298288	1174.31
299736	1174.32
301184	1174.34
302632	1174.35
291048	1225.27
304080	1225.30
305528	1225.31
306976	1225.32
308424	1225.34
309872	1225.35
311320	1225.37
312768	1225.38
314216	1225.40
315664	1225.41
317112	1276.30
318560	1276.33
320008	1276.34
321456	1276.35
322904	1276.36
324352	1276.38
325800	1276.40
327248	1276.41
328696	1276.42
330144	1276.44
317112	1327.31
330144	1327.33
331592	1327.35
333040	1327.36
334488	1327.37
335936	1327.39
337384	1327.41
338832	1327.43
340280	1327.44
341728	1327.45
343176	1378.46
344624	1378.48
346072	1378.49
347520	1378.50
348968	1378.51
350416	1378.52
351864	1378.53
353312	1378.55
354760	1378.56
356208	1378.57
354760	1429.76
357656	1429.78
359104	1429.79
360552	1429.80
362000	1429.81
363448	1429.82
364896	1429.83
366344	1429.84
367792	1429.85
369240	1429.86
360552	1480.90
362000	1480.93
370688	1480.94
372136	1480.95
373584	1480.96
375032	1480.97
376480	1480.98
377928	1480.99
379376	1481.00
380824	1481.01
382272	1532.05
383720	1532.08
385168	1532.09
386616	1532.10
388064	1532.11
389512	1532.12
390960	1532.13
392408	1532.14
393856	1532.15
395304	1532.16
396752	1583.20
398200	1583.23
399648	1583.24
401096	1583.25
402544	1583.26
403992	1583.27
405440	1583.28
406888	1583.29
408336	1583.30
409784	1583.31
403992	1634.49
411232	1634.52
412680	1634.53
414128	1634.55
415576	1634.56
417024	1634.57
418472	1634.63
419920	1634.65
421368	1634.66
422816	1634.68
424264	1685.80
425712	1685.82
427160	1685.83
428608	1685.83
430056	1685.84
431504	1685.86
432952	1685.86
434400	1685.87
435848	1685.88
437296	1685.89
424264	1736.92
435848	1736.94
438744	1736.95
440192	1736.96
441640	1736.97
443088	1736.99
444536	1737.00
445984	1737.01
447432	1737.02
448880	1737.03
444536	1788.04
448880	1788.06
450328	1788.07
451776	1788.08
453224	1788.09
454672	1788.10
456120	1788.11
457568	1788.12
459016	1788.13
460464	1788.15
460464	1839.19
461912	1839.21
463360	1839.22
464808	1839.23
466256	1839.24
467704	1839.25
469152	1839.26
470600	1839.27
472048	1839.28
473496	1839.29
460464	1890.17
466256	1890.20
472048	1890.21
474944	1890.23
476392	1890.25
477840	1890.27
479288	1890.28
480736	1890.29
482184	1890.30
483632	1890.31
474944	1941.48
485080	1941.51
486528	1941.52
487976	1941.52
489424	1941.53
490872	1941.55
492320	1941.56
493768	1941.57
495216	1941.58
496664	1941.58
486528	1992.55
492320	1992.58
498112	1992.59
499560	1992.59
501008	1992.60
502456	1992.62
503904	1992.62
505352	1992.63
506800	1992.64
508248	1992.65
499560	2043.72
506800	2043.74
509696	2043.75
511144	2043.76
512592	2043.77
514040	2043.79
515488	2043.80
516936	2043.81
518384	2043.82
519832	2043.83
518384	2094.86
519832	2094.89
521280	2094.90
522728	2094.91
524176	2094.92
525624	2094.93
527072	2094.94
528520	2094.95
529968	2094.96
531416	2094.96
532864	2146.18
534312	2146.21
535760	2146.22
537208	2146.24
538656	2146.25
540104	2146.26
541552	2146.28
543000	2146.30
544448	2146.31
545896	2146.32
534312	2197.49
547344	2197.51
548792	2197.52
550240	2197.53
551688	2197.54
553136	2197.56
554584	2197.57
556032	2197.58
557480	2197.59
558928	2197.60
560376	2248.57
561824	2248.59
563272	2248.60
564720	2248.61
566168	2248.62
567616	2248.64
569064	2248.66
570512	2248.67
571960	2248.68
573408	2248.69
560376	2299.78
571960	2299.81
574856	2299.82
576304	2299.83
577752	2299.84
579200	2299.85
580648	2299.86
582096	2299.87
583544	2299.88
584992	2299.89
586440	2401.15
587888	2401.17
589336	2401.18
590784	2401.19
592232	2401.20
593680	2401.21
595128	2401.22
596576	2401.23
598024	2401.24
599472	2401.25
592232	2452.38
600920	2452.40
602368	2452.41
603816	2452.42
605264	2452.43
606712	2452.45
608160	2452.46
609608	2452.46
611056	2452.47
612504	2452.48
605264	2503.49
606712	2503.51
613952	2503.52
615400	2503.53
616848	2503.54
618296	2503.55
619744	2503.56
621192	2503.57
622640	2503.58
624088	2503.59
605264	2554.76
613952	2554.79
621192	2554.80
625536	2554.81
626984	2554.82
628432	2554.83
629880	2554.84
631328	2554.85
632776	2554.86
634224	2554.87
629880	2656.11
635672	2656.13
637120	2656.14
638568	2656.15
640016	2656.16
641464	2656.17
642912	2656.18
644360	2656.19
645808	2656.20
647256	2656.21
648704	2757.45
650152	2757.47
651600	2757.49
653048	2757.49
654496	2757.50
655944	2757.52
657392	2757.53
658840	2757.54
660288	2757.55
661736	2757.56
663184	2808.76
664632	2808.79
666080	2808.80
667528	2808.81
668976	2808.82
670424	2808.83
671872	2808.84
673320	2808.85
674768	2808.86
676216	2808.87
677664	2860.00
679112	2860.02
680560	2860.03
682008	2860.04
683456	2860.05
684904	2860.07
686352	2860.08
687800	2860.08
689248	2860.09
690696	2860.10
684904	2911.14
692144	2911.17
693592	2911.18
695040	2911.19
696488	2911.20
697936	2911.21
699384	2911.22
700832	2911.23
702280	2911.24
703728	2911.25
692144	2962.47
705176	2962.50
706624	2962.51
708072	2962.52
709520	2962.52
710968	2962.54
712416	2962.55
713864	2962.56
715312	2962.57
716760	2962.58
718208	3013.74
719656	3013.76
721104	3013.77
722552	3013.78
724000	3013.78
725448	3013.80
726896	3013.81
728344	3013.82
729792	3013.82
731240	3013.83
719656	3064.91
724000	3064.93
728344	3064.94
732688	3064.95
734136	3064.96
735584	3064.97
737032	3064.98
738480	3065.13
739928	3065.14
741376	3065.16
739928	3116.15
742824	3116.17
744272	3116.18
745720	3116.19
747168	3116.20
748616	3116.21
750064	3116.22
751512	3116.23
752960	3116.24
754408	3116.25
745720	3167.36
755856	3167.38
757304	3167.39
758752	3167.39
760200	3167.40
761648	3167.41
763096	3167.42
764544	3167.43
765992	3167.44
767440	3167.45
757304	3219.92
761648	3219.94
768888	3219.95
770336	3219.96
771784	3219.97
773232	3219.98
774680	3219.99
776128	3220.00
777576	3220.01
779024	3220.02
780472	3271.05
781920	3271.07
783368	3271.08
784816	3271.09
786264	3271.10
787712	3271.11
789160	3271.12
790608	3271.13
792056	3271.14
793504	3271.15
780472	3322.24
786264	3322.26
794952	3322.26
796400	3322.27
797848	3322.28
799296	3322.29
800744	3322.30
802192	3322.31
803640	3322.32
805088	3322.33
780472	3373.48
806536	3373.50
807984	3373.51
809432	3373.52
810880	3373.53
812328	3373.54
813776	3373.55
815224	3373.56
816672	3373.57
818120	3373.58
819568	3424.92
821016	3424.95
822464	3424.96
823912	3424.98
825360	3424.99
826808	3425.01
828256	3425.03
829704	3425.04
831152	3425.05
832600	3425.07
819568	3476.11
822464	3476.13
823912	3476.14
834048	3476.15
835496	3476.16
836944	3476.17
838392	3476.18
839840	3476.19
841288	3476.20
842736	3476.21
844184	3527.08
845632	3527.10
847080	3527.11
848528	3527.12
849976	3527.13
851424	3527.14
852872	3527.15
854320	3527.16
855768	3527.17
857216	3527.17
849976	3578.03
858664	3578.05
860112	3578.06
861560	3578.07
863008	3578.08
864456	3578.09
865904	3578.10
867352	3578.11
868800	3578.11
870248	3578.12
858664	3629.09
865904	3629.11
871696	3629.12
873144	3629.13
874592	3629.14
876040	3629.15
877488	3629.16
878936	3629.17
880384	3629.18
881832	3629.19
883280	3680.15
884728	3680.17
886176	3680.18
887624	3680.19
889072	3680.20
890520	3680.21
891968	3680.22
893416	3680.22
894864	3680.23
896312	3680.24
